INSERT INTO hello(messages) 
    VALUES ('Hello World');

INSERT INTO planet(planet, katysirles, mohdreza, earth, farnocchia, geographus, jacoblemaire) 
    VALUES ('katysirles', 0,0.3362299465240642,0.6129679144385026,1.1363636363636365,4.8161764705882355,9.171791443850267),
    ('mohdreza', 0.3362299465240642,0,0.2767379679144385,0.8001336898395722,4.479946524064171,8.835561497326204),
    ('earth', 0.6129679144385026,0.2767379679144385,0,0.5233957219251337,4.2032085561497325,8.558823529411764),
    ('farnocchia', 1.1363636363636365,0.8001336898395722,0.5233957219251337,0,3.679812834224599,8.03542780748663),
    ('geographus', 4.8161764705882355,4.479946524064171,4.2032085561497325,3.679812834224599,0,4.355614973262032),
    ('jacoblemaire', 9.171791443850267,8.835561497326204,8.558823529411764,8.03542780748663,4.355614973262032,0);

INSERT INTO extra(extra_name, extra_price, extra_shorthand)
    VALUES ('Gold Space Suit', 50000, 'spacesuit'),
    ('Highlight Reel of your trip', 10000, 'reel'),
    ('Space rock souvenir', 5000, 'spacerock');


